0.04, 0.0, 0.3 (LEFT)
Leg joint values (1): -0.0658515, -0.0624528, -0.00738168, 0.0543722, 0.0630293, -0.21383, 0.21383, -0.0601661, 0.0470719, 0.00200519, -0.03665, 0.0360081

0.06, 0.0, 0.0 (LEFT)
Leg joint values (2): -0.0681774, -0.19099, -0.0338254, 0.128518, 0.10954, -0.000207262, 0.000207262, -0.106332, 0.165257, 0.028166, -0.0964668, 0.0649838

0.04, 0.0, -0.3 (LEFT)
Leg joint values (3): -0.0148012, -0.228027, -0.0534934, 0.124029, 0.0867432, 0.218914, -0.218914, -0.128226, 0.17186, 0.0548861, -0.0502736, 0.0833167 

0.04, 0.02, 0.0 (LEFT)
Leg joint values (4): 0.0203731, -0.149874, -0.0350464, 0.0861847, 0.00193328, 0.007338, -0.007338, -0.100369, 0.109196, 0.0300583, -0.0405082, 0.0786433, 

0.03, -0.03, 0.0 (LEFT)
Leg joint values (5): -0.180224, -0.115291, -0.0311046, 0.0626955, 0.225953, -0.00888943, 0.00888943, -0.0856328, 0.0701376, 0.0226312, -0.0101871, 0.0394441

0.04, 0.0, 0.3 (RIGHT)
Leg joint values (6): 0.0832557, 0.0512565, -0.054505, -0.171713, -0.128029, 0.218975, -0.218975, 0.0870705, -0.123806, 0.0531832, 0.227287, -0.0156923 

0.06, 0.0, 0.0 (RIGHT)
Leg joint values (7): 0.0643001, 0.0978771, -0.0277891, -0.165716, -0.104759, -0.000365408, 0.000365408, 0.108405, -0.127406, 0.0339942, 0.189553, -0.067912 

0.04, 0.0, -0.3 (RIGHT)
Leg joint values (8): 0.0364776, 0.0351498, -0.0027264, -0.0468072, -0.0611935, -0.213328, 0.213328, 0.0641118, -0.0528615, 0.00818689, 0.062262, -0.0667433 

0.04, -0.02, 0.0 (RIGHT)
Leg joint values (9): 0.0753548, 0.0316419, -0.02821, -0.0969976, -0.092603, 0.00618796, -0.00618796, 0.00109044, -0.085962, 0.0333576, 0.145734, 0.0164645 

0.03, 0.02, 0.0 (RIGHT)
Leg joint values (10): 0.0376131, 0.0132504, -0.0256051, -0.0761505, -0.0686649, -0.00558967, 0.00558967, 0.162347, -0.0582579, 0.0326513, 0.114508, -0.13175
